# 50 tile sweep, master seed=42, act=0
# format: idx M K N
00 1 7 7
01 7 2 2
02 6 3 7
03 4 4 1
04 4 4 7
05 7 1 7
06 1 5 7
07 6 2 6
08 2 6 4
09 1 6 6
10 5 8 3
11 8 6 7
12 6 3 5
13 7 8 4
14 6 4 5
15 7 3 5
16 5 8 1
17 2 3 2
18 7 1 2
19 4 4 1
20 5 7 4
21 3 2 6
22 2 4 6
23 8 2 4
24 7 6 7
25 6 4 5
26 4 3 1
27 7 2 7
28 5 5 5
29 4 6 6
30 4 8 5
31 2 4 5
32 1 2 1
33 5 7 5
34 8 6 7
35 1 6 3
36 7 1 5
37 7 3 1
38 3 7 3
39 6 7 4
40 2 4 8
41 7 7 2
42 6 7 3
43 3 4 4
44 1 8 8
45 8 3 7
46 4 2 1
47 8 6 2
48 6 6 7
49 7 2 1
